0.46503 0.417223 0.519103 0.584522 0.532096 0.511178 0.489812 0.529101 0.55572 0.522139 0.544123 0.544702 0.534153 0.519103 0.501605 0.506406 0.51751 0.531463 0.533636 0.531938 0.53802 0.545483 0.548497 0.549591 0.543365
0.511457 0.500801 0.507855 0.426403 0.453556 0.496491 0.517751 0.462278 0.478642 0.445569 0.439606 0.439393 0.46365 0.490224 0.488256 0.460342 0.465172 0.477585 0.482292 0.480289 0.47422 0.470085 0.461121 0.448793 0.445157
0.697545 0.46503 0.697545 0.404924 0.494932 0.509234 0.544425 0.598229 0.507305 0.535929 0.543221 0.51069 0.502909 0.485248 0.498617 0.531463 0.558036 0.55649 0.520058 0.517899 0.538175 0.550837 0.551739 0.544425 0.536573
0.651042 0.434028 0.651042 0.680272 0.46503 0.548246 0.536152 0.578704 0.636672 0.541126 0.550881 0.586854 0.563063 0.542131 0.536021 0.511247 0.527034 0.558036 0.585986 0.600384 0.566343 0.539851 0.554591 0.573723 0.588512
0.390625 0.260417 0.390625 0.515464 0.44964 0.334821 0.37961 0.396825 0.400356 0.434028 0.454545 0.436681 0.392987 0.417661 0.428082 0.400802 0.393519 0.394046 0.386493 0.380518 0.392084 0.408922 0.423729 0.4329 0.432526
0.375601 0.572344 0.375601 0.500801 0.622758 0.528318 0.375601 0.425459 0.453556 0.451003 0.459866 0.500801 0.524329 0.512235 0.439192 0.462278 0.489406 0.488918 0.45995 0.449737 0.450721 0.441073 0.427929 0.432476 0.447477
0.36169 0.72338 0.36169 0.482253 0.602816 0.701459 0.406108 0.41336 0.463994 0.492514 0.485009 0.485625 0.522441 0.559713 0.563672 0.510856 0.473548 0.500801 0.526724 0.528497 0.500629 0.488264 0.484447 0.480169 0.469346
0.348772 0.697545 0.348772 0.46503 0.581287 0.697545 0.651042 0.399489 0.448422 0.497136 0.521307 0.511178 0.510878 0.542535 0.581287 0.60024 0.577571 0.491782 0.509744 0.536573 0.558701 0.549297 0.519103 0.514615 0.511959
0.336746 0.673491 0.336746 0.448994 0.561243 0.673491 0.647477 0.439831 0.432959 0.479994 0.509826 0.511108 0.52664 0.52749 0.561243 0.588443 0.580633 0.560594 0.509307 0.519319 0.543974 0.555197 0.52621 0.49975 0.497501
0.325521 0.651042 0.325521 0.434028 0.542535 0.651042 0.642438 0.517598 0.420404 0.46503 0.499274 0.497018 0.528971 0.536152 0.542535 0.571755 0.567575 0.581395 0.545225 0.526094 0.529021 0.542406 0.535382 0.501505 0.487215
